     1
     2
     3
     4
     5
     6
     7
     8
     9
    11
    12
    13
    14
    15
    16
    17
    18
    19
    20
    21
    22
    23
    25
    26
    28
    29
    31
    33
    35
    37
    38
    39
    43
    44
    45
    47
    49
    51
    53
    54
    56
    62
    65
    66
    68
    72
    78
    81
    84
    86
    87
    94
    98
   100
   105
   107
   109
   111
   112
   115
   116
   117
   127
   130
   133
   136
   147
   154
   160
   161
   164
   174
   178
   185
   187
   196
   198
   199
   200
   205
   216
   218
   221
   227
   229
   233
   236
   242
   248
   250
   252
   257
   258
   261
   262
   270
   271
   274
   280
   281
   282
   300
   305
   309
   314
   316
   323
   326
   330
   331
   333
   340
   342
   344
   345
   350
   351
   354
   365
   377
   378
   379
   381
   382
   391
   397
   399
   400
   404
   406
   408
   411
   415
   417
   424
   437
   441
   448
   451
   460
   472
   474
   478
   479
   482
   489
   498
   507
   516
   523
   526
   534
   538
   543
   552
   553
   556
   562
   572
   576
   582
   594
   602
   629
   643
   644
   645
   647
   656
   659
   665
   669
   675
   678
   683
   687
   696
   705
   710
   715
   732
   735
   740
   742
   743
   749
   750
   754
   756
   766
   768
   773
   795
   807
   815
   827
   829
   830
   842
   843
   845
   848
   850
   865
   871
   872
   873
   874
   877
   885
   891
   904
   913
   917
   925
   933
   938
   943
   948
   949
   955
   967
   970
   982
   983
   992
   994
   999
  1003
  1008
  1009
  1011
  1013
  1023
  1028
  1031
  1036
  1040
  1045
  1048
  1050
  1052
  1058
  1062
  1063
  1065
  1078
  1088
  1091
  1099
  1107
  1113
  1121
  1135
  1139
  1169
  1183
  1184
  1203
  1216
  1217
  1220
  1223
  1227
  1248
  1260
  1266
  1269
  1272
  1300
  1305
  1310
  1318
  1339
  1342
  1348
  1362
  1366
  1371
  1381
  1386
  1388
  1395
  1400
  1413
  1416
  1427
  1436
  1449
  1451
  1454
  1462
  1490
  1500
  1503
  1520
  1530
  1531
  1555
  1565
  1570
  1572
  1574
  1585
  1588
  1603
  1604
  1617
  1623
  1631
  1632
  1637
  1639
  1661
  1673
  1683
  1688
  1712
  1716
  1717
  1722
  1736
  1740
  1743
  1760
  1763
  1780
  1788
  1803
  1804
  1820
  1821
  1822
  1826
  1829
  1843
  1852
  1886
  1896
  1897
  1943
  1960
  1964
  1966
  1979
  1980
  1985
  1990
  2010
  2019
  2038
  2040
  2043
  2064
  2074
  2078
  2080
  2089
  2110
  2116
  2117
  2123
  2126
  2157
  2163
  2198
  2199
  2218
  2220
  2228
  2229
  2231
  2237
  2249
  2264
  2265
  2266
  2280
  2291
  2293
  2296
  2312
  2315
  2321
  2324
  2341
  2353
  2354
  2361
  2368
  2376
  2386
  2393
  2397
  2403
  2409
  2412
  2426
  2429
  2434
  2436
  2443
  2445
  2454
  2466
  2468
  2469
  2477
  2494
  2496
  2504
  2508
  2531
  2535
  2555
  2575
  2591
  2603
  2608
  2619
  2625
  2652
  2657
  2663
  2678
  2706
  2717
  2736
  2746
  2750
  2751
  2761
  2813
  2814
  2821
  2838
  2868
  2871
  2892
  2901
  2917
  2934
  2963
  2967
  2972
  2980
  3005
  3012
  3014
  3015
  3049
  3074
  3088
  3093
  3096
  3100
  3119
  3123
  3138
  3144
  3181
  3187
  3199
  3206
  3232
  3238
  3246
  3250
  3272
  3304
  3306
  3308
  3329
  3339
  3341
  3355
  3381
  3387
  3400
  3401
  3404
  3409
  3411
  3413
  3421
  3461
  3477
  3481
  3512
  3538
  3545
  3549
  3565
  3578
  3591
  3592
  3593
  3598
  3602
  3603
  3641
  3647
  3649
  3685
  3692
  3695
  3699
  3726
  3739
  3745
  3758
  3766
  3775
  3776
  3786
  3802
  3814
  3824
  3829
  3833
  3844
  3865
  3871
  3884
  3885
  3891
  3934
  3939
  3961
  3972
  3994
  3995
  4010
  4018
  4035
  4041
  4061
  4063
  4067
  4104
  4116
  4120
  4132
  4136
  4203
  4209
  4227
  4229
  4230
  4245
  4265
  4277
  4279
  4305
  4309
  4310
  4312
  4332
  4338
  4356
  4384
  4388
  4428
  4453
  4457
  4461
  4476
  4496
  4500
  4511
  4544
  4551
  4553
  4576
  4595
  4596
  4615
  4633
  4635
  4649
  4653
  4674
  4699
  4708
  4720
  4729
  4740
  4742
  4747
  4755
  4756
  4774
  4794
  4804
  4810
  4815
  4833
  4839
  4851
  4856
  4874
  4882
  4887
  4901
  4904
  4918
  4928
  4931
  4960
  4962
  4987
  4993
  4994
  5013
  5023
  5026
  5050
  5053
  5065
  5077
  5089
  5092
  5096
  5102
  5107
  5110
  5131
  5157
  5162
  5174
  5194
  5219
  5222
  5230
  5232
  5257
  5264
  5273
  5282
  5288
  5294
  5303
  5311
  5319
  5320
  5327
  5331
  5334
  5341
  5346
  5347
  5349
  5373
  5380
  5386
  5394
  5415
  5424
  5433
  5435
  5455
  5465
  5470
  5477
  5497
  5529
  5537
  5555
  5562
  5609
  5619
  5630
  5644
  5645
  5666
  5679
  5708
  5737
  5750
  5757
  5791
  5800
  5811
  5818
  5824
  5838
  5845
  5878
  5883
  5904
  5915
  5923
  5941
  5946
  5947
  5949
  5962
  5968
  5970
  5971
  5978
  5979
  5988
  5992
  6016
  6073
  6085
  6092
  6109
  6129
  6138
  6159
  6177
  6191
  6192
  6208
  6211
  6213
  6250
  6278
  6303
  6324
  6326
  6383
  6389
  6418
  6424
  6434
  6449
  6454
  6488
  6492
  6497
  6511
  6517
  6530
  6531
  6568
  6587
  6614
  6623
  6638
  6655
  6677
  6698
  6709
  6729
  6753
  6758
  6760
  6765
  6849
  6852
  6856
  6882
  6917
  6944
  6952
  6955
  6956
  7010
  7013
  7040
  7041
  7065
  7082
  7128
  7140
  7173
  7185
  7202
  7261
  7270
  7343
  7345
  7360
  7385
  7430
  7456
  7486
  7545
  7546
  7552
  7578
  7590
  7591
  7609
  7623
  7656
  7688
  7711
  7714
  7746
  7757
  7780
  7785
  7789
  7813
  7895
  7907
  7917
  7923
  7928
  7932
  7978
  7980
  7992
  8009
  8041
  8087
  8089
  8151
  8186
  8193
  8195
  8200
  8201
  8245
  8251
  8258
  8265
  8292
  8308
  8319
  8323
  8348
  8358
  8394
  8438
  8445
  8459
  8476
  8543
  8565
  8573
  8574
  8600
  8617
  8633
  8651
  8658
  8679
  8693
  8723
  8778
  8783
  8796
  8807
  8833
  8844
  8868
  8874
  8917
  8929
  8937
  8946
  8955
  8996
  9009
  9017
  9020
  9028
  9044
  9071
  9108
  9153
  9206
  9218
  9302
  9321
  9355
  9359
  9369
  9382
  9388
  9402
  9424
  9426
  9429
  9437
  9469
  9515
  9523
  9548
  9597
  9615
  9637
  9655
  9661
  9677
  9683
  9692
  9697
  9705
  9736
  9750
  9771
  9775
  9778
  9816
  9874
  9878
  9892
  9936
  9972
  9975
  9986
  9990